WA
16 137
38 210
123 184
123 140
120 61
103 52
66 96
NT
120 61
137 37
176 37
170 56
183 72
182 140
123 140
SA
123 184
123 140
182 140
201 143
200 164
198 204
195 234
188 228
178 193
163 208
153 190
Q
183 72
182 140
201 143
200 164
250 169
258 168
265 172
273 167
281 168
280 150
268 123
256 104
242 95
237 62
230 55
226 56
219 28
205 75
191 74
183 72
NSW
200 164
250 169
258 168
265 172
273 167
281 168
269 200
249 231
239 229
237 222
221 218
218 220
210 207
206 209
203 203
198 204
V
249 231
239 229
237 222
221 218
218 220
210 207
206 209
203 203
198 204
195 234
209 240
220 232
225 243
236 237
T
215 256
219 266
220 277
226 278
230 274
232 276
236 263
234 258
225 260